77	1	1	OK (tol=1e-14)
77	14	14	NG	3.8336e-13	58
77	27	27	OK (tol=1e-14)
77	40	40	OK (tol=1e-14)
77	53	53	OK (tol=1e-14)
77	66	66	OK (tol=1e-14)
77	79	79	NG	1.8839e-14	66
77	92	92	NG	3.1775e-14	61
77	105	105	NG	2.7373e-14	64
77	118	118	OK (tol=1e-14)
77	131	131	NG	1.0297e-14	69
77	144	144	NG	2.4316e-14	65
77	157	157	NG	2.7792e-14	67
77	170	170	OK (tol=1e-14)
77	183	183	NG	2.4354e-14	67
77	196	196	NG	1.1270e-13	72
77	209	209	OK (tol=1e-14)
77	222	222	OK (tol=1e-14)
77	235	235	NG	1.6164e-14	67
77	248	248	OK (tol=1e-14)
