1	77	1	OK (tol=1e-14)
14	77	14	OK (tol=1e-14)
27	77	27	OK (tol=1e-14)
40	77	40	OK (tol=1e-14)
53	77	53	OK (tol=1e-14)
66	77	66	OK (tol=1e-14)
79	77	79	NG	1.8829e-14	68
92	77	92	NG	3.3179e-14	60
105	77	105	NG	8.0487e-14	66
118	77	118	OK (tol=1e-14)
131	77	131	OK (tol=1e-14)
144	77	144	OK (tol=1e-14)
157	77	157	OK (tol=1e-14)
170	77	170	NG	1.8991e-13	67
183	77	183	NG	4.1239e-14	69
196	77	196	NG	1.3259e-14	66
209	77	209	NG	1.1822e-14	65
222	77	222	OK (tol=1e-14)
235	77	235	NG	1.5305e-14	61
248	77	248	NG	1.5532e-14	61
